9.99
-8.48
-9.04
5.19
0.49
7.95
-3.00
8.93
6.11
2.00
-9.97
6.48
-0.52
8.29
4.49
9.88
7.08
2.98
7.77
8.80
0.27
-8.17
9.95
5.90
-7.18
-5.40
8.90
-6.87
1.49
9.92
6.58
3.11
-1.74
8.66
8.79
2.09
8.47
5.90
3.88
-7.51
-3.63
5.16
9.01
9.52
-5.90
-7.41
-1.66
-8.60
-2.43
-5.98
1.57
-3.64
-4.62
6.44
-7.44
9.02
4.03
-9.37
5.81
9.21
9.57
-6.75
6.43
3.05
-0.18
0.54
1.11
-9.28
-6.97
9.46
1.35
4.16
-4.17
2.07
-4.20
8.98
6.73
1.59
6.07
8.84
-5.02
3.31
-7.51
-0.84
-9.86
4.66
9.24
5.46
7.03
-9.69
2.05
-7.92
6.47
2.68
-2.52
-9.64
-5.67
-7.81
-0.20
4.73
6.39
-8.72
2.84
-6.45
-9.97
-0.60
-7.63
-4.27
-2.98
9.92
-1.51
8.29
-7.24
6.44
9.33
8.45
8.54
3.07
3.06
-5.66
-6.34
7.41
-2.62
5.82
3.84
-8.80
1.45
-6.64
-9.74
7.92
8.51
8.86
-9.41
9.05
6.95
4.53
-6.37
5.95
-8.65
6.50
-3.41
-1.64
5.98
-4.06
9.92
2.80
8.29
-0.86
-5.98
-6.98
-7.54
-8.35
-5.53
4.13
3.28
-3.70
1.19
-2.11
6.54
6.11
-8.32
-1.05
-7.68
8.47
1.11
-1.51
6.02
4.00
8.45
-7.72
-8.69
-3.49
-1.75
-4.25
0.85
7.56
3.65
5.76
3.54
6.72
8.03
9.58
5.14
-8.02
6.67
2.20
-2.63
-2.23
2.73
5.71
3.91
4.58
1.19
-7.08
0.59
-0.38
-1.39
-7.98
-3.84
9.29
