7.00
-5.93
-6.33
3.63
0.35
5.56
-2.10
6.25
4.27
1.40
-6.98
4.54
-0.37
5.80
3.14
6.92
4.95
2.09
5.44
6.16
0.19
-5.72
6.97
4.13
-5.02
-3.78
6.23
-4.81
1.04
6.95
4.61
2.18
-1.21
6.06
6.16
1.46
5.93
4.13
2.72
-5.26
-2.54
3.61
6.30
6.66
-4.13
-5.18
-1.16
-6.02
-1.70
-4.19
1.10
-2.55
-3.23
4.51
-5.21
6.32
2.82
-6.56
4.07
6.45
6.70
-4.73
4.50
2.14
-0.13
0.38
0.78
-6.50
-4.88
6.62
0.95
2.92
-2.92
1.45
-2.94
6.29
4.71
1.11
4.25
6.19
-3.51
2.32
-5.26
-0.59
-6.90
3.27
6.47
3.82
4.92
-6.78
1.43
-5.54
4.53
1.88
-1.77
-6.75
-3.97
-5.46
-0.14
3.31
4.48
-6.10
1.99
-4.52
-6.98
-0.42
-5.34
-2.99
-2.09
6.94
-1.06
5.80
-5.07
4.51
6.53
5.91
5.98
2.15
2.14
-3.97
-4.44
5.19
-1.84
4.08
2.69
-6.16
1.01
-4.65
-6.82
5.54
5.96
6.20
-6.59
6.34
4.87
3.17
-4.46
4.16
-6.05
4.55
-2.38
-1.15
4.19
-2.84
6.94
1.96
5.80
-0.60
-4.19
-4.89
-5.28
-5.84
-3.87
2.89
2.29
-2.59
0.83
-1.48
4.58
4.28
-5.82
-0.73
-5.38
5.93
0.77
-1.06
4.22
2.80
5.91
-5.40
-6.08
-2.45
-1.23
-2.98
0.60
5.29
2.55
4.03
2.48
4.70
5.62
6.70
3.60
-5.61
4.67
1.54
-1.84
-1.56
1.91
4.00
2.74
3.20
0.83
-4.95
0.41
-0.26
-0.97
-5.59
-2.69
6.50
